0.60944 0.20681
0.33868 0.16225
0.96451 0.54786
0.032082 0.98721
0.61279 0.69484
0.61584 0.096687
0.49224 0.8989
0.41062 0.97282
0.12499 0.21629
0.2705 0.31858
0.98005 0.3556
0.62623 0.19212
0.28881 0.44429
0.78426 0.96209
0.031282 0.99697
0.057392 0.3603
0.85323 0.96936
0.84868 0.68774
0.26523 0.5393
0.17933 0.24674
0.78875 0.29713
0.4042 0.73032
0.088851 0.2677
0.82436 0.75094
0.71089 0.90752
0.21005 0.92681
0.46554 0.71414
0.47701 0.075308
0.3966 0.17336
0.79097 0.35603
0.49125 0.37462
0.52227 0.40991
0.83541 0.70453
0.39341 0.28101
0.086655 0.21829
0.20881 0.27627
0.7076 0.20942
0.42747 0.72407
0.87302 0.40601
0.91384 0.92338
0.80512 0.34265
0.83275 0.036052
0.93275 0.8405
0.36244 0.29873
0.34025 0.21773
0.26658 0.14229
0.020521 0.054709
0.14307 0.4529
0.37406 0.7629
0.96504 0.76079
0.98621 0.041706
0.20011 0.55183
0.0058794 0.20402
0.70642 0.57619
0.0043978 0.038245
0.74452 0.10761
0.108 0.019654
0.11646 0.54117
0.13081 0.76574
0.91291 0.26325
0.69127 0.27019
0.21113 0.83449
0.84306 0.88511
0.78293 0.8322
0.81806 0.65492
0.81467 0.87556
0.48962 0.30057
0.90504 0.99321
0.0099787 0.29736
0.15455 0.52126
0.46726 0.7608
0.64629 0.20793
0.6117 0.5365
0.45114 0.71867
0.15251 0.75503
0.60421 0.10273
0.070373 0.24238
0.48321 0.59075
0.32179 0.35914
0.50883 0.30968
0.89575 0.7018
0.36806 0.062023
0.83778 0.63343
0.3118 0.80372
0.054136 0.76798
0.24871 0.87286
0.46704 0.049386
0.80613 0.10968
0.16882 0.058898
0.51019 0.36304
0.30463 0.6566
0.40807 0.67867
0.36789 0.42617
0.17104 0.56253
0.023579 0.36974
0.33365 0.60192
0.68429 0.2062
0.72323 0.56567
0.46077 0.30442
0.66288 0.24153
